     1        0   0.000
     2    12475   0.010
     3    24949   0.020
     4    37423   0.030
     5    49897   0.040
     6    62371   0.050
     7    74845   0.060
     8    87319   0.070
     9    99793   0.080
    10   112267   0.090
    11   124741   0.100
    12   137215   0.110
    13   149689   0.120
    14   162163   0.130
    15   174637   0.140
    16   187111   0.150
    17   199585   0.160
    18   212059   0.170
    19   224533   0.180
    20   237007   0.190
    21   249481   0.200
    22   261955   0.210
    23   274429   0.220
    24   286903   0.230
    25   299377   0.240
    26   311851   0.250
    27   324325   0.260
    28   336799   0.270
    29   349273   0.280
    30   361747   0.290
    31   374221   0.300
    32   386695   0.310
    33   399169   0.320
    34   411643   0.330
    35   424117   0.340
    36   436591   0.350
    37   449065   0.360
    38   461539   0.370
    39   474013   0.380
    40   486487   0.390
    41   498961   0.400
    42   511435   0.410
    43   523909   0.420
    44   536383   0.430
    45   548857   0.440
    46   561331   0.450
    47   573805   0.460
    48   586279   0.470
    49   598753   0.480
    50   611227   0.490
    51   623701   0.500
    52   636175   0.510
    53   648649   0.520
    54   661123   0.530
    55   673597   0.540
    56   686071   0.550
    57   698545   0.560
    58   711019   0.570
    59   723493   0.580
    60   735967   0.590
    61   748441   0.600
    62   760915   0.610
    63   773389   0.620
    64   785863   0.630
    65   798337   0.640
    66   810811   0.650
    67   823285   0.660
    68   835759   0.670
    69   848233   0.680
    70   860707   0.690
    71   873181   0.700
    72   885655   0.710
    73   898129   0.720
    74   910603   0.730
    75   923077   0.740
    76   935551   0.750
    77   948025   0.760
    78   960499   0.770
    79   972973   0.780
    80   985447   0.790
    81   997921   0.800
    82  1010395   0.810
    83  1022869   0.820
    84  1035343   0.830
    85  1047817   0.840
    86  1060291   0.850
    87  1072765   0.860
    88  1085239   0.870
    89  1097713   0.880
    90  1110187   0.890
    91  1122661   0.900
    92  1135135   0.910
    93  1147609   0.920
    94  1160083   0.930
    95  1172557   0.940
    96  1185031   0.950
    97  1197505   0.960
    98  1209979   0.970
    99  1222453   0.980
   100  1234927   0.990
   101  1247401   1.000
   102  1259875   1.010
   103  1272349   1.020
   104  1284823   1.030
   105  1297297   1.040
   106  1309771   1.050
   107  1322245   1.060
   108  1334719   1.070
   109  1347193   1.080
   110  1359667   1.090
   111  1372141   1.100
   112  1384615   1.110
   113  1397089   1.120
   114  1409563   1.130
   115  1422037   1.140
   116  1434511   1.150
   117  1446985   1.160
   118  1459459   1.170
   119  1471933   1.180
   120  1484407   1.190
   121  1496881   1.200
