     1        0   129600   0.000
     2    12475   129600   0.010
     3    24949   129600   0.020
     4    37423   130907   0.030
     5    49897   130907   0.040
     6    62371   130907   0.050
     7    74845   133358   0.060
     8    87319   133358   0.070
     9    99793   133358   0.080
    10   112267   135616   0.090
    11   124741   135616   0.100
    12   137215   135616   0.110
    13   149689   138242   0.120
    14   162163   138242   0.130
    15   174637   138242   0.140
    16   187111   140957   0.150
    17   199585   140957   0.160
    18   212059   140957   0.170
    19   224533   143707   0.180
    20   237007   143707   0.190
    21   249481   143707   0.200
    22   261955   146547   0.210
    23   274429   146547   0.220
    24   286903   146547   0.230
    25   299377   149448   0.240
    26   311851   149448   0.250
    27   324325   149448   0.260
    28   336799   152549   0.270
    29   349273   152549   0.280
    30   361747   152549   0.290
    31   374221   155570   0.300
    32   386695   155570   0.310
    33   399169   155570   0.320
    34   411643   158577   0.330
    35   424117   158577   0.340
    36   436591   161842   0.350
    37   449065   161842   0.360
    38   461539   161842   0.370
    39   474013   164919   0.380
    40   486487   164919   0.390
    41   498961   164919   0.400
    42   511435   168052   0.410
    43   523909   168052   0.420
    44   536383   168052   0.430
    45   548857   171351   0.440
    46   561331   171351   0.450
    47   573805   171351   0.460
    48   586279   174542   0.470
    49   598753   174542   0.480
    50   611227   174542   0.490
    51   623701   177707   0.500
    52   636175   177707   0.510
    53   648649   177707   0.520
    54   661123   180859   0.530
    55   673597   180859   0.540
    56   686071   180859   0.550
    57   698545   184298   0.560
    58   711019   184298   0.570
    59   723493   184298   0.580
    60   735967   187513   0.590
    61   748441   187513   0.600
    62   760915   187513   0.610
    63   773389   190711   0.620
    64   785863   190711   0.630
    65   798337   190711   0.640
    66   810811   194260   0.650
    67   823285   194260   0.660
    68   835759   194260   0.670
    69   848233   197628   0.680
    70   860707   197628   0.690
    71   873181   201001   0.700
    72   885655   201001   0.710
    73   898129   201001   0.720
    74   910603   204504   0.730
    75   923077   204504   0.740
    76   935551   204504   0.750
    77   948025   208055   0.760
    78   960499   208055   0.770
    79   972973   208055   0.780
    80   985447   211381   0.790
    81   997921   211381   0.800
    82  1010395   211381   0.810
    83  1022869   214704   0.820
    84  1035343   214704   0.830
    85  1047817   214704   0.840
    86  1060291   218333   0.850
    87  1072765   218333   0.860
    88  1085239   218333   0.870
    89  1097713   221838   0.880
    90  1110187   221838   0.890
    91  1122661   221838   0.900
    92  1135135   225289   0.910
    93  1147609   225289   0.920
    94  1160083   225289   0.930
    95  1172557   228868   0.940
    96  1185031   228868   0.950
    97  1197505   228868   0.960
    98  1209979   232270   0.970
    99  1222453   232270   0.980
   100  1234927   232270   0.990
   101  1247401   235761   1.000
   102  1259875   235761   1.010
   103  1272349   235761   1.020
   104  1284823   239241   1.030
   105  1297297   239241   1.040
   106  1309771   242665   1.050
   107  1322245   242665   1.060
   108  1334719   242665   1.070
   109  1347193   245845   1.080
   110  1359667   245845   1.090
   111  1372141   245845   1.100
   112  1384615   249258   1.110
   113  1397089   249258   1.120
   114  1409563   249258   1.130
   115  1422037   252837   1.140
   116  1434511   252837   1.150
   117  1446985   252837   1.160
   118  1459459   256095   1.170
   119  1471933   256095   1.180
   120  1484407   256095   1.190
   121  1496881   259415   1.200
